1 3 0 0 0 0 0 0 0 0 0 0 0
2 4 0 0 0 0 0 0 0 0 0 0 0
3 6 0 0 0 0 0 0 0 1 1 0 1
4 6 0 0 0 0 0 0 0 1 1 0 1
5 7 0 0 0 0 0 0 0 1 1 0 0
6 9 0 0 0 0 0 0 0 2 2 0 1
7 9 0 0 0 0 0 0 0 2 2 0 1
8 10 0 0 0 0 0 0 0 2 2 0 0
9 12 0 0 0 0 0 0 0 3 3 0 1
10 12 0 0 0 0 0 0 0 3 3 0 1
11 13 0 0 0 0 0 0 0 3 3 0 0
12 15 0 0 0 0 0 0 0 4 4 0 1
13 15 0 0 0 0 0 0 0 4 4 0 1
14 16 0 0 0 0 0 0 0 4 4 0 0
15 18 0 0 0 0 0 0 0 5 5 0 1
16 18 0 0 0 0 0 0 0 5 5 0 1
17 19 0 0 0 0 0 0 0 5 5 0 0
18 21 0 0 0 0 0 0 0 6 6 0 1
19 21 0 0 0 0 0 0 0 6 6 0 1
20 22 0 0 0 0 0 0 0 6 6 0 0
21 24 0 0 0 0 0 0 0 7 7 0 1
22 24 0 0 0 0 0 0 0 7 7 0 1
23 25 0 0 0 0 0 0 0 7 7 0 0
24 27 0 0 0 0 0 0 0 8 8 0 1
25 27 0 0 0 0 0 0 0 8 8 0 1
26 28 0 0 0 0 0 0 0 8 8 0 0
27 30 0 0 0 0 0 0 0 9 9 0 1
28 30 0 0 0 0 0 0 0 9 9 0 1
29 31 0 0 0 0 0 0 0 9 9 0 0
30 33 0 0 0 0 0 0 0 10 10 0 1
31 33 0 0 0 0 0 0 0 10 10 0 1
32 34 0 0 0 0 0 0 0 10 10 0 0
33 36 0 0 0 0 0 0 0 11 11 0 1
34 36 0 0 0 0 0 0 0 11 11 0 1
35 37 0 0 0 0 0 0 0 11 11 0 0
36 39 0 0 0 0 0 0 0 12 12 0 1
37 39 0 0 0 0 0 0 0 12 12 0 1
38 40 0 0 0 0 0 0 0 12 12 0 0
39 42 0 0 0 0 0 0 0 13 13 0 1
40 42 0 0 0 0 0 0 0 13 13 0 1
41 43 0 0 0 0 0 0 0 13 13 0 0
42 45 0 0 0 0 0 0 0 14 14 0 1
43 45 0 0 0 0 0 0 0 14 14 0 1
44 46 0 0 0 0 0 0 0 14 14 0 0
45 48 0 0 0 0 0 0 0 15 15 0 1
46 48 0 0 0 0 0 0 0 15 15 0 1
47 49 0 0 0 0 0 0 0 15 15 0 0
48 51 0 0 0 0 0 0 0 16 16 0 1
49 51 0 0 0 0 0 0 0 16 16 0 1
50 52 0 0 0 0 0 0 0 16 16 0 0
51 54 0 0 0 0 0 0 0 17 17 0 1
52 54 0 0 0 0 0 0 0 17 17 0 1
53 55 0 0 0 0 0 0 0 17 17 0 0
54 57 0 0 0 0 0 0 0 18 18 0 1
55 57 0 0 0 0 0 0 0 18 18 0 1
56 58 0 0 0 0 0 0 0 18 18 0 0
57 60 0 0 0 0 0 0 0 19 19 0 1
58 60 0 0 0 0 0 0 0 19 19 0 1
59 61 0 0 0 0 0 0 0 19 19 0 0
60 63 0 0 0 0 0 0 0 20 20 0 1
61 63 0 0 0 0 0 0 0 20 20 0 1
62 64 0 0 0 0 0 0 0 20 20 0 0
63 66 0 0 0 0 0 0 0 21 21 0 1
64 66 0 0 0 0 0 0 0 21 21 0 1
65 67 0 0 0 0 0 0 0 21 21 0 0
66 69 0 0 0 0 0 0 0 22 22 0 1
67 69 0 0 0 0 0 0 0 22 22 0 1
68 70 0 0 0 0 0 0 0 22 22 0 0
69 72 0 0 0 0 0 0 0 23 23 0 1
70 72 0 0 0 0 0 0 0 23 23 0 1
71 73 0 0 0 0 0 0 0 23 23 0 0
72 75 0 0 0 0 0 0 0 24 24 0 1
73 75 0 0 0 0 0 0 0 24 24 0 1
74 76 0 0 0 0 0 0 0 24 24 0 0
75 78 0 0 0 0 0 0 0 25 25 0 1
76 78 0 0 0 0 0 0 0 25 25 0 1
77 79 0 0 0 0 0 0 0 25 25 0 0
78 81 0 0 0 0 0 0 0 26 26 0 1
79 81 0 0 0 0 0 0 0 26 26 0 1
80 82 0 0 0 0 0 0 0 26 26 0 0
81 84 0 0 0 0 0 0 0 27 27 0 1
82 84 0 0 0 0 0 0 0 27 27 0 1
83 85 0 0 0 0 0 0 0 27 27 0 0
84 87 0 0 0 0 0 0 0 28 28 0 1
85 87 0 0 0 0 0 0 0 28 28 0 1
86 88 0 0 0 0 0 0 0 28 28 0 0
87 90 0 0 0 0 0 0 0 29 29 0 1
88 90 0 0 0 0 0 0 0 29 29 0 1
89 91 0 0 0 0 0 0 0 29 29 0 0
90 93 0 0 0 0 0 0 0 30 30 0 1
91 93 0 0 0 0 0 0 0 30 30 0 1
92 94 0 0 0 0 0 0 0 30 30 0 0
93 96 0 0 0 0 0 0 0 31 31 0 1
94 96 0 0 0 0 0 0 0 31 31 0 1
95 97 0 0 0 0 0 0 0 31 31 0 0
96 99 0 0 0 0 0 0 0 32 32 0 1
97 99 0 0 0 0 0 0 0 32 32 0 1
98 100 0 0 0 0 0 0 0 32 32 0 0
99 102 0 0 0 0 0 0 0 33 33 0 1
100 102 0 0 0 0 0 0 0 33 33 0 1
101 103 0 0 0 0 0 0 0 33 33 0 0
102 105 0 0 0 0 0 0 0 34 34 0 1
103 105 0 0 0 0 0 0 0 34 34 0 1
104 106 0 0 0 0 0 0 0 34 34 0 0
105 107 0 0 0 0 0 0 0 35 35 0 1
106 107 0 0 0 0 0 0 0 35 35 0 1
107 0 0 0 0 0 0 0 0 36 36 0 1