1 3 0 0 0 0 0 0 0 0 0 0 0
2 4 0 0 0 0 0 0 0 0 0 0 0
3 5 0 0 0 0 0 0 0 1 1 0 1
4 5 0 0 0 0 0 0 0 1 1 0 1
5 6 0 7 0 8 0 0 0 2 2 0 1
6 9 0 0 0 0 0 0 0 3 3 0 1
7 10 0 11 0 0 0 0 0 3 3 0 1
8 12 0 13 0 14 0 0 0 3 3 0 1
9 15 0 0 0 0 0 0 0 4 4 0 1
10 15 0 0 0 0 0 0 0 4 4 0 1
11 18 0 16 0 0 0 0 0 4 4 0 1
12 0 0 0 0 0 0 0 0 4 4 0 1
13 16 0 0 0 0 0 0 0 4 4 0 1
14 17 0 0 0 0 0 0 0 4 4 0 1
15 18 0 0 0 0 0 0 0 5 5 0 1
16 19 0 0 0 0 0 0 0 5 5 0 1
17 0 0 0 0 0 0 0 0 5 5 0 1
18 20 0 0 0 0 0 0 0 6 6 0 1
19 0 0 0 0 0 0 0 0 6 6 0 1
20 0 0 0 0 0 0 0 0 7 7 0 1