1 4 0 0 0 0 0 0 0 0 0 0 0
2 5 0 0 0 0 0 0 0 0 0 0 0
3 6 0 0 0 0 0 0 0 0 0 0 0
4 7 0 0 0 0 0 0 0 1 1 0 1
5 8 0 9 0 10 0 0 0 1 1 0 1
6 11 0 0 0 0 0 0 0 1 1 0 1
7 12 0 13 0 14 0 0 0 2 2 0 1
8 12 0 15 0 0 0 0 0 2 2 0 1
9 13 0 16 0 0 0 0 0 2 2 0 1
10 14 0 17 0 0 0 0 0 2 2 0 1
11 15 0 16 0 17 0 0 0 2 2 0 1
12 18 0 0 0 0 0 0 0 3 3 0 1
13 19 0 0 0 0 0 0 0 3 3 0 1
14 20 0 0 0 0 0 0 0 3 3 0 1
15 21 0 0 0 0 0 0 0 3 3 0 1
16 22 0 0 0 0 0 0 0 3 3 0 1
17 23 0 0 0 0 0 0 0 3 3 0 1
18 24 0 0 0 0 0 0 0 4 4 0 1
19 25 0 0 0 0 0 0 0 4 4 0 1
20 26 0 0 0 0 0 0 0 4 4 0 1
21 27 0 0 0 0 0 0 0 4 4 0 1
22 28 0 0 0 0 0 0 0 4 4 0 1
23 29 0 0 0 0 0 0 0 4 4 0 1
24 0 0 0 0 0 0 0 0 5 5 0 1
25 0 0 0 0 0 0 0 0 5 5 0 1
26 0 0 0 0 0 0 0 0 5 5 0 1
27 0 0 0 0 0 0 0 0 5 5 0 1
28 0 0 0 0 0 0 0 0 5 5 0 1
29 0 0 0 0 0 0 0 0 5 5 0 1