1 13 0 0 0 0 0 0 0 0 0 0 0
2 14 0 0 0 0 0 0 0 0 0 0 0
3 15 0 0 0 0 0 0 0 0 0 0 0
4 16 0 0 0 0 0 0 0 0 0 0 0
5 17 0 0 0 0 0 0 0 0 0 0 0
6 18 0 0 0 0 0 0 0 0 0 0 0
7 19 0 0 0 0 0 0 0 0 0 0 0
8 20 0 0 0 0 0 0 0 0 0 0 0
9 21 0 0 0 0 0 0 0 0 0 0 0
10 22 0 0 0 0 0 0 0 0 0 0 0
11 23 0 0 0 0 0 0 0 0 0 0 0
12 24 0 0 0 0 0 0 0 0 0 0 0
13 25 0 0 0 0 0 0 0 1 1 0 1
14 26 0 0 0 0 0 0 0 1 1 0 1
15 27 0 0 0 0 0 0 0 1 1 0 1
16 28 0 0 0 0 0 0 0 1 1 0 1
17 29 0 0 0 0 0 0 0 1 1 0 1
18 30 0 0 0 0 0 0 0 1 1 0 1
19 31 0 0 0 0 0 0 0 1 1 0 1
20 32 0 0 0 0 0 0 0 1 1 0 1
21 33 0 0 0 0 0 0 0 1 1 0 1
22 34 0 0 0 0 0 0 0 1 1 0 1
23 35 0 0 0 0 0 0 0 1 1 0 1
24 36 0 0 0 0 0 0 0 1 1 0 1
25 37 0 0 0 0 0 0 0 2 2 0 1
26 37 0 0 0 0 0 0 0 2 2 0 1
27 38 0 0 0 0 0 0 0 2 2 0 1
28 38 0 0 0 0 0 0 0 2 2 0 1
29 39 0 0 0 0 0 0 0 2 2 0 1
30 39 0 0 0 0 0 0 0 2 2 0 1
31 40 0 0 0 0 0 0 0 2 2 0 1
32 40 0 0 0 0 0 0 0 2 2 0 1
33 41 0 0 0 0 0 0 0 2 2 0 1
34 41 0 0 0 0 0 0 0 2 2 0 1
35 42 0 0 0 0 0 0 0 2 2 0 1
36 42 0 0 0 0 0 0 0 2 2 0 1
37 50 0 0 0 0 0 0 0 3 3 0 1
38 51 0 0 0 0 0 0 0 3 3 0 1
39 52 0 0 0 0 0 0 0 3 3 0 1
40 53 0 0 0 0 0 0 0 3 3 0 1
41 54 0 0 0 0 0 0 0 3 3 0 1
42 55 0 0 0 0 0 0 0 3 3 0 1
43 56 0 0 0 0 0 0 0 3 3 0 0
44 57 0 0 0 0 0 0 0 3 3 0 0
45 58 0 0 0 0 0 0 0 3 3 0 0
46 59 0 0 0 0 0 0 0 3 3 0 0
47 60 0 0 0 0 0 0 0 3 4 1 0
48 61 0 0 0 0 0 0 0 3 4 1 0
49 62 0 0 0 0 0 0 0 4 4 0 0
50 63 0 68 0 0 0 0 0 4 4 0 1
51 64 0 65 0 0 0 0 0 4 4 0 1
52 66 0 67 0 0 0 0 0 4 4 0 1
53 63 0 64 0 67 0 0 0 4 4 0 1
54 66 0 0 0 0 0 0 0 4 4 0 1
55 65 0 68 0 0 0 0 0 4 4 0 1
56 69 0 0 0 0 0 0 0 4 4 0 1
57 70 0 0 0 0 0 0 0 4 4 0 1
58 71 0 0 0 0 0 0 0 4 4 0 1
59 72 0 0 0 0 0 0 0 4 4 0 1
60 73 0 0 0 0 0 0 0 4 5 1 1
61 74 0 0 0 0 0 0 0 4 5 1 1
62 75 0 0 0 0 0 0 0 5 5 0 1
63 76 0 0 0 0 0 0 0 5 6 1 1
64 76 0 0 0 0 0 0 0 5 6 1 1
65 77 0 0 0 0 0 0 0 5 5 0 1
66 77 0 0 0 0 0 0 0 5 5 0 1
67 78 0 0 0 0 0 0 0 5 5 0 1
68 78 0 0 0 0 0 0 0 5 5 0 1
69 79 0 0 0 0 0 0 0 5 5 0 1
70 79 0 0 0 0 0 0 0 5 5 0 1
71 80 0 0 0 0 0 0 0 5 5 0 1
72 80 0 0 0 0 0 0 0 5 5 0 1
73 81 0 0 0 0 0 0 0 5 6 1 1
74 81 0 0 0 0 0 0 0 5 6 1 1
75 82 0 83 0 84 0 0 0 6 6 0 1
76 82 0 0 0 0 0 0 0 6 7 1 1
77 83 0 0 0 0 0 0 0 6 6 0 1
78 84 0 0 0 0 0 0 0 6 6 0 1
79 85 0 0 0 0 0 0 0 6 6 0 1
80 86 0 0 0 0 0 0 0 6 6 0 1
81 87 0 0 0 0 0 0 0 6 7 1 1
82 88 0 0 0 0 0 0 0 7 8 1 1
83 89 0 0 0 0 0 0 0 7 7 0 1
84 90 0 0 0 0 0 0 0 7 7 0 1
85 89 0 0 0 0 0 0 0 7 7 0 1
86 90 0 0 0 0 0 0 0 7 7 0 1
87 88 0 0 0 0 0 0 0 7 8 1 1
88 92 0 0 0 0 0 0 0 8 9 1 1
89 91 0 0 0 0 0 0 0 8 8 0 1
90 91 0 0 0 0 0 0 0 8 8 0 1
91 92 0 0 0 0 0 0 0 9 9 0 1
92 0 0 0 0 0 0 0 0 10 10 0 1