1 3 0 0 0 0 0 0 0 0 0 0 0
2 4 0 0 0 0 0 0 0 1 1 0 0
3 6 0 0 0 0 0 0 0 1 1 0 1
4 7 0 0 0 0 0 0 0 2 2 0 1
5 7 0 8 0 0 0 0 0 2 2 0 0
6 8 0 0 0 0 0 0 0 2 2 0 1
7 9 0 0 0 0 0 0 0 3 3 0 1
8 11 0 0 0 0 0 0 0 3 3 0 1
9 12 0 0 0 0 0 0 0 4 4 0 1
10 12 0 13 0 0 0 0 0 4 4 0 0
11 13 0 0 0 0 0 0 0 4 4 0 1
12 14 0 0 0 0 0 0 0 5 5 0 1
13 16 0 0 0 0 0 0 0 5 5 0 1
14 17 0 0 0 0 0 0 0 6 6 0 1
15 17 0 18 0 0 0 0 0 6 6 0 0
16 18 0 0 0 0 0 0 0 6 6 0 1
17 19 0 0 0 0 0 0 0 7 7 0 1
18 21 0 0 0 0 0 0 0 7 7 0 1
19 22 0 0 0 0 0 0 0 8 8 0 1
20 22 0 23 0 0 0 0 0 8 8 0 0
21 23 0 0 0 0 0 0 0 8 8 0 1
22 24 0 0 0 0 0 0 0 9 9 0 1
23 26 0 0 0 0 0 0 0 9 9 0 1
24 27 0 0 0 0 0 0 0 10 10 0 1
25 27 0 28 0 0 0 0 0 10 10 0 0
26 28 0 0 0 0 0 0 0 10 10 0 1
27 29 0 0 0 0 0 0 0 11 11 0 1
28 31 0 0 0 0 0 0 0 11 11 0 1
29 32 0 0 0 0 0 0 0 12 12 0 1
30 32 0 33 0 0 0 0 0 12 12 0 0
31 33 0 0 0 0 0 0 0 12 12 0 1
32 34 0 0 0 0 0 0 0 13 13 0 1
33 36 0 0 0 0 0 0 0 13 13 0 1
34 37 0 0 0 0 0 0 0 14 14 0 1
35 37 0 38 0 0 0 0 0 14 14 0 0
36 38 0 0 0 0 0 0 0 14 14 0 1
37 39 0 0 0 0 0 0 0 15 15 0 1
38 41 0 0 0 0 0 0 0 15 15 0 1
39 42 0 0 0 0 0 0 0 16 16 0 1
40 42 0 43 0 0 0 0 0 16 16 0 0
41 43 0 0 0 0 0 0 0 16 16 0 1
42 0 0 0 0 0 0 0 0 17 17 0 1
43 0 0 0 0 0 0 0 0 17 17 0 1