1 4 0 0 0 0 0 0 0 0 0 0 0
2 5 0 0 0 0 0 0 0 0 0 0 0
3 6 0 0 0 0 0 0 0 0 0 0 0
4 7 0 8 0 0 0 0 0 1 1 0 1
5 9 0 10 0 0 0 0 0 1 1 0 1
6 11 0 12 0 0 0 0 0 1 1 0 1
7 13 0 0 0 0 0 0 0 2 11 1 1
8 14 0 0 0 0 0 0 0 2 2 0 1
9 13 0 0 0 0 0 0 0 2 11 1 1
10 14 0 0 0 0 0 0 0 2 2 0 1
11 15 0 0 0 0 0 0 0 2 2 0 1
12 17 0 0 0 0 0 0 0 2 12 1 1
13 17 0 0 0 0 0 0 0 3 12 1 1
14 16 0 0 0 0 0 0 0 3 3 0 1
15 16 0 0 0 0 0 0 0 3 3 0 1
16 23 0 18 0 0 0 0 0 4 9 2 1
17 27 0 0 0 0 0 0 0 4 13 1 1
18 19 0 0 0 0 0 0 0 5 5 0 1
19 20 0 0 0 0 0 0 0 6 6 0 1
20 21 0 0 0 0 0 0 0 7 7 0 1
21 22 0 0 0 0 0 0 0 8 8 0 1
22 23 0 0 0 0 0 0 0 9 9 0 1
23 24 0 0 0 0 0 0 0 10 10 0 1
24 25 0 0 0 0 0 0 0 11 11 0 1
25 26 0 0 0 0 0 0 0 12 12 0 1
26 27 0 0 0 0 0 0 0 13 13 0 1
27 28 0 0 0 0 0 0 0 14 14 0 1
28 29 0 30 0 31 0 0 0 15 15 0 1
29 32 0 0 0 0 0 0 0 16 16 0 1
30 33 0 0 0 0 0 0 0 16 16 0 1
31 34 0 0 0 0 0 0 0 16 16 0 1
32 35 0 0 0 0 0 0 0 17 17 0 1
33 36 0 0 0 0 0 0 0 17 17 0 1
34 37 0 0 0 0 0 0 0 17 17 0 1
35 0 0 0 0 0 0 0 0 18 18 0 1
36 0 0 0 0 0 0 0 0 18 18 0 1
37 0 0 0 0 0 0 0 0 18 18 0 1