1 14 0 0 0 0 0 0 0 0 0 0 0
2 15 0 0 0 0 0 0 0 0 0 0 0
3 16 0 0 0 0 0 0 0 0 0 0 0
4 17 0 0 0 0 0 0 0 0 0 0 0
5 18 0 0 0 0 0 0 0 0 0 0 0
6 19 0 0 0 0 0 0 0 0 0 0 0
7 20 0 0 0 0 0 0 0 0 0 0 0
8 21 0 0 0 0 0 0 0 0 0 0 0
9 22 0 0 0 0 0 0 0 0 0 0 0
10 23 0 0 0 0 0 0 0 0 0 0 0
11 24 0 0 0 0 0 0 0 0 1 1 0
12 25 0 0 0 0 0 0 0 0 1 1 0
13 26 0 0 0 0 0 0 0 1 1 0 0
14 27 0 32 0 0 0 0 0 1 1 0 1
15 28 0 29 0 0 0 0 0 1 1 0 1
16 30 0 31 0 0 0 0 0 1 1 0 1
17 27 0 28 0 31 0 0 0 1 1 0 1
18 30 0 0 0 0 0 0 0 1 1 0 1
19 29 0 32 0 0 0 0 0 1 1 0 1
20 33 0 0 0 0 0 0 0 1 1 0 1
21 34 0 0 0 0 0 0 0 1 1 0 1
22 35 0 0 0 0 0 0 0 1 1 0 1
23 36 0 0 0 0 0 0 0 1 1 0 1
24 37 0 0 0 0 0 0 0 1 2 1 1
25 38 0 0 0 0 0 0 0 1 2 1 1
26 39 0 0 0 0 0 0 0 2 2 0 1
27 40 0 0 0 0 0 0 0 2 3 1 1
28 40 0 0 0 0 0 0 0 2 3 1 1
29 41 0 0 0 0 0 0 0 2 2 0 1
30 41 0 0 0 0 0 0 0 2 2 0 1
31 42 0 0 0 0 0 0 0 2 2 0 1
32 42 0 0 0 0 0 0 0 2 2 0 1
33 43 0 0 0 0 0 0 0 2 2 0 1
34 43 0 0 0 0 0 0 0 2 2 0 1
35 44 0 0 0 0 0 0 0 2 2 0 1
36 44 0 0 0 0 0 0 0 2 2 0 1
37 45 0 0 0 0 0 0 0 2 3 1 1
38 45 0 0 0 0 0 0 0 2 3 1 1
39 46 0 47 0 48 0 0 0 3 3 0 1
40 46 0 0 0 0 0 0 0 3 4 1 1
41 47 0 0 0 0 0 0 0 3 3 0 1
42 48 0 0 0 0 0 0 0 3 3 0 1
43 49 0 0 0 0 0 0 0 3 3 0 1
44 50 0 0 0 0 0 0 0 3 3 0 1
45 51 0 0 0 0 0 0 0 3 4 1 1
46 52 0 0 0 0 0 0 0 4 5 1 1
47 53 0 0 0 0 0 0 0 4 4 0 1
48 54 0 0 0 0 0 0 0 4 4 0 1
49 53 0 0 0 0 0 0 0 4 4 0 1
50 54 0 0 0 0 0 0 0 4 4 0 1
51 52 0 0 0 0 0 0 0 4 5 1 1
52 56 0 0 0 0 0 0 0 5 6 1 1
53 55 0 0 0 0 0 0 0 5 5 0 1
54 55 0 0 0 0 0 0 0 5 5 0 1
55 56 0 0 0 0 0 0 0 6 6 0 1
56 0 0 0 0 0 0 0 0 7 7 0 1