1 2 0 0 0 0 0 0 0 0 0 0 0
2 4 0 0 0 0 0 0 0 1 1 0 1
3 4 0 13 0 0 0 0 0 1 1 0 0
4 5 0 0 0 0 0 0 0 2 2 0 1
5 8 0 6 0 0 0 0 0 3 4 2 1
6 8 0 0 0 0 0 0 0 4 4 0 1
7 9 0 0 0 0 0 0 0 4 4 0 0
8 10 0 0 0 0 0 0 0 5 5 0 1
9 10 0 0 0 0 0 0 0 5 5 0 1
10 15 0 11 0 0 0 0 0 6 8 2 1
11 12 0 0 0 0 0 0 0 7 7 0 1
12 15 0 0 0 0 0 0 0 8 8 0 1
13 16 0 0 0 0 0 0 0 2 8 1 1
14 17 0 0 0 0 0 0 0 8 8 0 0
15 18 0 0 0 0 0 0 0 9 9 0 1
16 18 0 0 0 0 0 0 0 3 9 1 1
17 19 0 0 0 0 0 0 0 9 9 0 1
18 20 0 0 0 0 0 0 0 10 10 0 1
19 20 0 0 0 0 0 0 0 10 10 0 1
20 21 0 0 0 0 0 0 0 11 11 0 1
21 0 0 0 0 0 0 0 0 12 12 0 1