1 4 0 6 0 8 0 10 0 0 0 0 0
2 12 0 14 0 16 0 18 0 0 0 0 0
3 19 0 0 0 0 0 0 0 1 1 0 0
4 19 0 0 0 0 0 0 0 1 1 0 1
5 20 0 0 0 0 0 0 0 1 1 0 0
6 20 0 0 0 0 0 0 0 1 1 0 1
7 21 0 0 0 0 0 0 0 1 2 1 0
8 21 0 0 0 0 0 0 0 1 2 1 1
9 22 0 0 0 0 0 0 0 1 3 1 0
10 22 0 0 0 0 0 0 0 1 3 1 1
11 23 0 0 0 0 0 0 0 1 1 0 0
12 23 0 0 0 0 0 0 0 1 1 0 1
13 24 0 0 0 0 0 0 0 1 1 0 0
14 24 0 0 0 0 0 0 0 1 1 0 1
15 25 0 0 0 0 0 0 0 1 2 1 0
16 25 0 0 0 0 0 0 0 1 2 1 1
17 26 0 0 0 0 0 0 0 1 3 1 0
18 26 0 0 0 0 0 0 0 1 3 1 1
19 27 0 0 0 0 0 0 0 2 2 0 1
20 27 0 0 0 0 0 0 0 2 2 0 1
21 29 0 0 0 0 0 0 0 2 3 1 1
22 31 0 0 0 0 0 0 0 2 4 1 1
23 28 0 0 0 0 0 0 0 2 2 0 1
24 28 0 0 0 0 0 0 0 2 2 0 1
25 30 0 0 0 0 0 0 0 2 3 1 1
26 32 0 0 0 0 0 0 0 2 4 1 1
27 29 0 0 0 0 0 0 0 3 3 0 1
28 30 0 0 0 0 0 0 0 3 3 0 1
29 31 0 0 0 0 0 0 0 4 4 0 1
30 32 0 0 0 0 0 0 0 4 4 0 1
31 33 0 0 0 0 0 0 0 5 5 0 1
32 33 0 0 0 0 0 0 0 5 5 0 1
33 34 0 0 0 0 0 0 0 6 6 0 1
34 0 0 0 0 0 0 0 0 7 7 0 1