1 9 0 10 0 0 0 0 0 0 0 0 0
2 11 0 12 0 0 0 0 0 0 0 0 0
3 31 0 13 0 0 0 0 0 1 4 2 0
4 14 0 0 0 0 0 0 0 1 1 0 0
5 15 0 0 0 0 0 0 0 1 1 0 0
6 16 0 0 0 0 0 0 0 1 1 0 0
7 17 0 0 0 0 0 0 0 1 1 0 0
8 18 0 33 0 0 0 0 0 1 4 2 0
9 34 0 0 0 0 0 0 0 1 4 1 1
10 19 0 0 0 0 0 0 0 1 1 0 1
11 19 0 0 0 0 0 0 0 1 1 0 1
12 36 0 0 0 0 0 0 0 1 4 1 1
13 20 0 25 0 0 0 0 0 2 2 0 1
14 21 0 22 0 0 0 0 0 2 2 0 1
15 23 0 24 0 0 0 0 0 2 2 0 1
16 20 0 21 0 24 0 0 0 2 2 0 1
17 23 0 0 0 0 0 0 0 2 2 0 1
18 22 0 25 0 0 0 0 0 2 2 0 1
19 26 0 35 0 0 0 0 0 2 4 2 1
20 27 0 0 0 0 0 0 0 3 3 0 1
21 27 0 0 0 0 0 0 0 3 3 0 1
22 28 0 0 0 0 0 0 0 3 3 0 1
23 28 0 0 0 0 0 0 0 3 3 0 1
24 29 0 0 0 0 0 0 0 3 3 0 1
25 29 0 0 0 0 0 0 0 3 3 0 1
26 30 0 0 0 0 0 0 0 3 3 0 1
27 31 0 0 0 0 0 0 0 4 4 0 1
28 32 0 0 0 0 0 0 0 4 4 0 1
29 33 0 0 0 0 0 0 0 4 4 0 1
30 35 0 0 0 0 0 0 0 4 4 0 1
31 37 0 0 0 0 0 0 0 5 5 0 1
32 38 0 0 0 0 0 0 0 5 5 0 1
33 39 0 0 0 0 0 0 0 5 5 0 1
34 38 0 0 0 0 0 0 0 5 5 0 1
35 39 0 0 0 0 0 0 0 5 5 0 1
36 37 0 0 0 0 0 0 0 5 5 0 1
37 40 0 0 0 0 0 0 0 6 6 0 1
38 41 0 0 0 0 0 0 0 6 6 0 1
39 41 0 0 0 0 0 0 0 6 6 0 1
40 42 0 0 0 0 0 0 0 7 7 0 1
41 42 0 0 0 0 0 0 0 7 7 0 1
42 0 0 0 0 0 0 0 0 8 8 0 1