1 2 0 3 0 4 0 5 0 0 0 0 0
2 6 0 0 0 0 0 0 0 1 6 1 1
3 7 0 0 0 0 0 0 0 1 1 0 1
4 8 0 0 0 0 0 0 0 1 1 0 1
5 9 0 0 0 0 0 0 0 1 7 1 1
6 24 0 0 0 0 0 0 0 2 7 1 1
7 10 0 0 0 0 0 0 0 2 2 0 1
8 10 0 0 0 0 0 0 0 2 2 0 1
9 28 0 0 0 0 0 0 0 2 8 1 1
10 11 0 20 0 0 0 0 0 3 6 2 1
11 12 0 0 0 0 0 0 0 4 4 0 1
12 15 0 0 0 0 0 0 0 5 5 0 1
13 18 0 0 0 0 0 0 0 6 6 0 0
14 18 0 0 0 0 0 0 0 6 6 0 0
15 20 0 0 0 0 0 0 0 6 6 0 1
16 21 0 0 0 0 0 0 0 6 6 0 0
17 22 0 0 0 0 0 0 0 6 6 0 0
18 23 0 0 0 0 0 0 0 7 7 0 1
19 23 0 0 0 0 0 0 0 7 7 0 0
20 24 0 0 0 0 0 0 0 7 7 0 1
21 25 0 0 0 0 0 0 0 7 7 0 1
22 26 0 0 0 0 0 0 0 7 7 0 1
23 27 0 0 0 0 0 0 0 8 8 0 1
24 28 0 0 0 0 0 0 0 8 8 0 1
25 29 0 0 0 0 0 0 0 8 8 0 1
26 29 0 0 0 0 0 0 0 8 8 0 1
27 30 0 0 0 0 0 0 0 9 9 0 1
28 30 0 0 0 0 0 0 0 9 9 0 1
29 30 0 0 0 0 0 0 0 9 9 0 1
30 0 0 0 0 0 0 0 0 10 10 0 1