1 4 0 0 0 0 0 0 0 0 0 0 0
2 5 0 6 0 7 0 0 0 0 0 0 0
3 8 0 0 0 0 0 0 0 0 0 0 0
4 9 0 0 0 0 0 0 0 1 1 0 1
5 9 0 0 0 0 0 0 0 1 1 0 1
6 10 0 11 0 12 0 0 0 1 1 0 1
7 13 0 0 0 0 0 0 0 1 1 0 1
8 13 0 0 0 0 0 0 0 1 1 0 1
9 14 0 0 0 0 0 0 0 2 2 0 1
10 14 0 0 0 0 0 0 0 2 2 0 1
11 15 0 16 0 17 0 0 0 2 2 0 1
12 18 0 0 0 0 0 0 0 2 2 0 1
13 18 0 0 0 0 0 0 0 2 2 0 1
14 19 0 0 0 0 0 0 0 3 3 0 1
15 19 0 0 0 0 0 0 0 3 3 0 1
16 20 0 21 0 22 0 0 0 3 3 0 1
17 23 0 0 0 0 0 0 0 3 3 0 1
18 23 0 0 0 0 0 0 0 3 3 0 1
19 24 0 0 0 0 0 0 0 4 4 0 1
20 24 0 0 0 0 0 0 0 4 4 0 1
21 25 0 26 0 27 0 0 0 4 4 0 1
22 28 0 0 0 0 0 0 0 4 4 0 1
23 28 0 0 0 0 0 0 0 4 4 0 1
24 29 0 0 0 0 0 0 0 5 5 0 1
25 29 0 0 0 0 0 0 0 5 5 0 1
26 30 0 31 0 32 0 0 0 5 5 0 1
27 33 0 0 0 0 0 0 0 5 5 0 1
28 33 0 0 0 0 0 0 0 5 5 0 1
29 34 0 0 0 0 0 0 0 6 6 0 1
30 34 0 0 0 0 0 0 0 6 6 0 1
31 35 0 36 0 37 0 0 0 6 6 0 1
32 38 0 0 0 0 0 0 0 6 6 0 1
33 38 0 0 0 0 0 0 0 6 6 0 1
34 39 0 0 0 0 0 0 0 7 7 0 1
35 39 0 0 0 0 0 0 0 7 7 0 1
36 40 0 41 0 42 0 0 0 7 7 0 1
37 43 0 0 0 0 0 0 0 7 7 0 1
38 43 0 0 0 0 0 0 0 7 7 0 1
39 44 0 0 0 0 0 0 0 8 8 0 1
40 44 0 0 0 0 0 0 0 8 8 0 1
41 45 0 46 0 47 0 0 0 8 8 0 1
42 48 0 0 0 0 0 0 0 8 8 0 1
43 48 0 0 0 0 0 0 0 8 8 0 1
44 49 0 0 0 0 0 0 0 9 9 0 1
45 49 0 0 0 0 0 0 0 9 9 0 1
46 50 0 51 0 52 0 0 0 9 9 0 1
47 53 0 0 0 0 0 0 0 9 9 0 1
48 53 0 0 0 0 0 0 0 9 9 0 1
49 54 0 0 0 0 0 0 0 10 10 0 1
50 54 0 0 0 0 0 0 0 10 10 0 1
51 55 0 56 0 57 0 0 0 10 10 0 1
52 58 0 0 0 0 0 0 0 10 10 0 1
53 58 0 0 0 0 0 0 0 10 10 0 1
54 59 0 0 0 0 0 0 0 11 11 0 1
55 59 0 0 0 0 0 0 0 11 11 0 1
56 60 0 61 0 62 0 0 0 11 11 0 1
57 63 0 0 0 0 0 0 0 11 11 0 1
58 63 0 0 0 0 0 0 0 11 11 0 1
59 64 0 0 0 0 0 0 0 12 12 0 1
60 64 0 0 0 0 0 0 0 12 12 0 1
61 65 0 66 0 67 0 0 0 12 12 0 1
62 68 0 0 0 0 0 0 0 12 12 0 1
63 68 0 0 0 0 0 0 0 12 12 0 1
64 69 0 0 0 0 0 0 0 13 13 0 1
65 69 0 0 0 0 0 0 0 13 13 0 1
66 70 0 71 0 72 0 0 0 13 13 0 1
67 73 0 0 0 0 0 0 0 13 13 0 1
68 73 0 0 0 0 0 0 0 13 13 0 1
69 74 0 0 0 0 0 0 0 14 14 0 1
70 74 0 0 0 0 0 0 0 14 14 0 1
71 0 0 0 0 0 0 0 0 14 14 0 1
72 75 0 0 0 0 0 0 0 14 14 0 1
73 75 0 0 0 0 0 0 0 14 14 0 1
74 0 0 0 0 0 0 0 0 15 15 0 1
75 0 0 0 0 0 0 0 0 15 15 0 1