1 9 0 10 0 0 0 0 0 0 0 0 0
2 11 0 12 0 0 0 0 0 0 0 0 0
3 13 0 37 0 0 0 0 0 1 4 2 0
4 14 0 0 0 0 0 0 0 1 1 0 0
5 15 0 0 0 0 0 0 0 1 1 0 0
6 16 0 0 0 0 0 0 0 1 1 0 0
7 17 0 0 0 0 0 0 0 1 1 0 0
8 18 0 39 0 0 0 0 0 1 4 2 0
9 19 0 40 0 0 0 0 0 1 4 2 1
10 20 0 0 0 0 0 0 0 1 1 0 1
11 20 0 0 0 0 0 0 0 1 1 0 1
12 21 0 42 0 0 0 0 0 1 4 2 1
13 22 0 27 0 0 0 0 0 2 2 0 1
14 23 0 24 0 0 0 0 0 2 2 0 1
15 25 0 26 0 0 0 0 0 2 2 0 1
16 22 0 23 0 26 0 0 0 2 2 0 1
17 25 0 0 0 0 0 0 0 2 2 0 1
18 24 0 27 0 0 0 0 0 2 2 0 1
19 28 0 0 0 0 0 0 0 2 2 0 1
20 29 0 41 0 0 0 0 0 2 4 2 1
21 30 0 0 0 0 0 0 0 2 2 0 1
22 31 0 0 0 0 0 0 0 3 3 0 1
23 31 0 0 0 0 0 0 0 3 3 0 1
24 32 0 0 0 0 0 0 0 3 3 0 1
25 32 0 0 0 0 0 0 0 3 3 0 1
26 33 0 0 0 0 0 0 0 3 3 0 1
27 33 0 0 0 0 0 0 0 3 3 0 1
28 34 0 0 0 0 0 0 0 3 3 0 1
29 35 0 0 0 0 0 0 0 3 3 0 1
30 36 0 0 0 0 0 0 0 3 3 0 1
31 37 0 0 0 0 0 0 0 4 4 0 1
32 38 0 0 0 0 0 0 0 4 4 0 1
33 39 0 0 0 0 0 0 0 4 4 0 1
34 40 0 0 0 0 0 0 0 4 4 0 1
35 41 0 0 0 0 0 0 0 4 4 0 1
36 42 0 0 0 0 0 0 0 4 4 0 1
37 43 0 0 0 0 0 0 0 5 5 0 1
38 44 0 0 0 0 0 0 0 5 5 0 1
39 45 0 0 0 0 0 0 0 5 5 0 1
40 44 0 0 0 0 0 0 0 5 5 0 1
41 45 0 0 0 0 0 0 0 5 5 0 1
42 43 0 0 0 0 0 0 0 5 5 0 1
43 46 0 0 0 0 0 0 0 6 6 0 1
44 47 0 0 0 0 0 0 0 6 6 0 1
45 47 0 0 0 0 0 0 0 6 6 0 1
46 48 0 0 0 0 0 0 0 7 7 0 1
47 48 0 0 0 0 0 0 0 7 7 0 1
48 0 0 0 0 0 0 0 0 8 8 0 1