1 4 0 0 0 0 0 0 0 0 0 0 0
2 5 0 0 0 0 0 0 0 0 0 0 0
3 6 0 7 0 0 0 0 0 0 0 0 0
4 8 0 0 0 0 0 0 0 1 1 0 1
5 9 0 0 0 0 0 0 0 1 1 0 1
6 8 0 0 0 0 0 0 0 1 1 0 1
7 9 0 0 0 0 0 0 0 1 1 0 1
8 10 0 11 0 0 0 0 0 2 2 0 1
9 12 0 13 0 0 0 0 0 2 2 0 1
10 30 0 0 0 0 0 0 0 3 9 1 1
11 14 0 0 0 0 0 0 0 3 3 0 1
12 0 0 0 0 0 0 0 0 3 3 0 1
13 15 0 0 0 0 0 0 0 3 3 0 1
14 27 0 16 0 17 0 18 0 4 7 2 1
15 19 0 20 0 21 0 0 0 4 4 0 1
16 34 0 0 0 0 0 0 0 5 9 1 1
17 22 0 0 0 0 0 0 0 5 5 0 1
18 25 0 0 0 0 0 0 0 5 6 1 1
19 23 0 0 0 0 0 0 0 5 5 0 1
20 24 0 0 0 0 0 0 0 5 5 0 1
21 32 0 0 0 0 0 0 0 5 8 1 1
22 25 0 0 0 0 0 0 0 6 6 0 1
23 26 0 0 0 0 0 0 0 6 6 0 1
24 26 0 0 0 0 0 0 0 6 6 0 1
25 27 0 28 0 0 0 0 0 7 7 0 1
26 29 0 0 0 0 0 0 0 7 7 0 1
27 30 0 31 0 0 0 0 0 8 8 0 1
28 38 0 0 0 0 0 0 0 8 11 1 1
29 32 0 0 0 0 0 0 0 8 8 0 1
30 36 0 0 0 0 0 0 0 9 10 1 1
31 33 0 0 0 0 0 0 0 9 9 0 1
32 34 0 0 0 0 0 0 0 9 9 0 1
33 35 0 0 0 0 0 0 0 10 10 0 1
34 36 0 0 0 0 0 0 0 10 10 0 1
35 37 0 0 0 0 0 0 0 11 11 0 1
36 38 0 0 0 0 0 0 0 11 11 0 1
37 0 0 0 0 0 0 0 0 12 12 0 1
38 0 0 0 0 0 0 0 0 12 12 0 1