1 5 0 6 0 0 0 0 0 0 0 0 0
2 7 0 8 0 0 0 0 0 0 0 0 0
3 9 0 10 0 0 0 0 0 0 0 0 0
4 11 0 12 0 0 0 0 0 0 0 0 0
5 13 0 22 0 0 0 0 0 1 3 2 1
6 14 0 0 0 0 0 0 0 1 4 1 1
7 25 0 0 0 0 0 0 0 1 4 1 1
8 13 0 15 0 0 0 0 0 1 1 0 1
9 15 0 16 0 0 0 0 0 1 1 0 1
10 17 0 0 0 0 0 0 0 1 1 0 1
11 18 0 0 0 0 0 0 0 1 1 0 1
12 29 0 0 0 0 0 0 0 1 4 1 1
13 19 0 0 0 0 0 0 0 2 2 0 1
14 30 0 0 0 0 0 0 0 2 5 1 1
15 20 0 0 0 0 0 0 0 2 2 0 1
16 27 0 0 0 0 0 0 0 2 4 1 1
17 20 0 0 0 0 0 0 0 2 2 0 1
18 21 0 0 0 0 0 0 0 2 2 0 1
19 22 0 0 0 0 0 0 0 3 3 0 1
20 23 0 24 0 0 0 0 0 3 3 0 1
21 24 0 0 0 0 0 0 0 3 3 0 1
22 25 0 26 0 0 0 0 0 4 4 0 1
23 26 0 27 0 0 0 0 0 4 4 0 1
24 28 0 29 0 0 0 0 0 4 4 0 1
25 30 0 0 0 0 0 0 0 5 5 0 1
26 31 0 0 0 0 0 0 0 5 5 0 1
27 31 0 0 0 0 0 0 0 5 5 0 1
28 32 0 0 0 0 0 0 0 5 5 0 1
29 32 0 0 0 0 0 0 0 5 5 0 1
30 0 0 0 0 0 0 0 0 6 6 0 1
31 0 0 0 0 0 0 0 0 6 6 0 1
32 0 0 0 0 0 0 0 0 6 6 0 1