1 4 0 5 0 8 0 9 0 0 0 0 0
2 3 0 6 0 7 0 10 0 0 0 0 0
3 11 0 0 0 0 0 0 0 1 1 0 1
4 11 0 0 0 0 0 0 0 1 1 0 1
5 12 0 0 0 0 0 0 0 1 1 0 1
6 12 0 0 0 0 0 0 0 1 1 0 1
7 13 0 0 0 0 0 0 0 1 1 0 1
8 13 0 0 0 0 0 0 0 1 1 0 1
9 14 0 0 0 0 0 0 0 1 1 0 1
10 14 0 0 0 0 0 0 0 1 1 0 1
11 15 0 16 0 0 0 0 0 2 2 0 1
12 19 0 20 0 0 0 0 0 2 2 0 1
13 17 0 18 0 0 0 0 0 2 2 0 1
14 21 0 22 0 0 0 0 0 2 2 0 1
15 35 0 0 0 0 0 0 0 3 5 1 1
16 36 0 0 0 0 0 0 0 3 5 1 1
17 25 0 29 0 0 0 0 0 3 3 0 1
18 23 0 26 0 0 0 0 0 3 3 0 1
19 24 0 27 0 0 0 0 0 3 3 0 1
20 28 0 30 0 0 0 0 0 3 3 0 1
21 37 0 0 0 0 0 0 0 3 5 1 1
22 38 0 0 0 0 0 0 0 3 5 1 1
23 31 0 0 0 0 0 0 0 4 4 0 1
24 31 0 0 0 0 0 0 0 4 4 0 1
25 32 0 0 0 0 0 0 0 4 4 0 1
26 33 0 0 0 0 0 0 0 4 4 0 1
27 33 0 0 0 0 0 0 0 4 4 0 1
28 32 0 0 0 0 0 0 0 4 4 0 1
29 34 0 0 0 0 0 0 0 4 4 0 1
30 34 0 0 0 0 0 0 0 4 4 0 1
31 35 0 0 0 0 0 0 0 5 5 0 1
32 36 0 0 0 0 0 0 0 5 5 0 1
33 38 0 0 0 0 0 0 0 5 5 0 1
34 37 0 0 0 0 0 0 0 5 5 0 1
35 0 0 0 0 0 0 0 0 6 6 0 1
36 0 0 0 0 0 0 0 0 6 6 0 1
37 0 0 0 0 0 0 0 0 6 6 0 1
38 0 0 0 0 0 0 0 0 6 6 0 1