1 3 0 4 0 5 0 0 0 0 0 0 0
2 3 0 4 0 5 0 0 0 0 0 0 0
3 6 0 27 0 0 0 0 0 1 9 2 1
4 7 0 0 0 0 0 0 0 1 7 1 1
5 8 0 0 0 0 0 0 0 1 1 0 1
6 9 0 0 0 0 0 0 0 2 2 0 1
7 10 0 0 0 0 0 0 0 2 8 1 1
8 11 0 0 0 0 0 0 0 2 2 0 1
9 12 0 13 0 0 0 0 0 3 3 0 1
10 14 0 0 0 0 0 0 0 3 9 1 1
11 15 0 0 0 0 0 0 0 3 3 0 1
12 16 0 0 0 0 0 0 0 4 4 0 1
13 28 0 0 0 0 0 0 0 4 10 1 1
14 17 0 0 0 0 0 0 0 4 10 1 1
15 18 0 0 0 0 0 0 0 4 4 0 1
16 19 0 0 0 0 0 0 0 5 5 0 1
17 20 0 0 0 0 0 0 0 5 11 1 1
18 21 0 0 0 0 0 0 0 5 5 0 1
19 22 0 0 0 0 0 0 0 6 6 0 1
20 23 0 0 0 0 0 0 0 6 12 1 1
21 24 0 0 0 0 0 0 0 6 6 0 1
22 25 0 0 0 0 0 0 0 7 7 0 1
23 31 0 0 0 0 0 0 0 7 13 1 1
24 25 0 0 0 0 0 0 0 7 7 0 1
25 26 0 0 0 0 0 0 0 8 8 0 1
26 27 0 0 0 0 0 0 0 9 9 0 1
27 28 0 0 0 0 0 0 0 10 10 0 1
28 29 0 0 0 0 0 0 0 11 11 0 1
29 30 0 0 0 0 0 0 0 12 12 0 1
30 31 0 0 0 0 0 0 0 13 13 0 1
31 32 0 0 0 0 0 0 0 14 14 0 1
32 0 0 0 0 0 0 0 0 15 15 0 1