1 4 0 0 0 0 0 0 0 0 0 0 0
2 5 0 0 0 0 0 0 0 0 0 0 0
3 6 0 0 0 0 0 0 0 0 0 0 0
4 7 0 25 0 0 0 0 0 1 12 2 1
5 8 0 26 0 0 0 0 0 1 12 2 1
6 9 0 27 0 0 0 0 0 1 12 2 1
7 10 0 0 0 0 0 0 0 2 2 0 1
8 10 0 0 0 0 0 0 0 2 2 0 1
9 11 0 0 0 0 0 0 0 2 2 0 1
10 12 0 0 0 0 0 0 0 3 3 0 1
11 12 0 0 0 0 0 0 0 3 3 0 1
12 13 0 0 0 0 0 0 0 4 4 0 1
13 14 0 24 0 0 0 0 0 5 11 2 1
14 15 0 0 0 0 0 0 0 6 6 0 1
15 16 0 0 0 0 0 0 0 7 7 0 1
16 17 0 18 0 0 0 0 0 8 8 0 1
17 19 0 0 0 0 0 0 0 9 10 1 1
18 20 0 23 0 0 0 0 0 9 9 0 1
19 21 0 0 0 0 0 0 0 10 11 1 1
20 22 0 0 0 0 0 0 0 10 10 0 1
21 23 0 0 0 0 0 0 0 11 12 1 1
22 24 0 0 0 0 0 0 0 11 11 0 1
23 0 0 0 0 0 0 0 0 12 13 1 1
24 25 0 0 0 0 0 0 0 12 12 0 1
25 0 0 0 0 0 0 0 0 13 13 0 1
26 0 0 0 0 0 0 0 0 13 13 0 1
27 0 0 0 0 0 0 0 0 13 13 0 1