1 3 0 0 0 0 0 0 0 0 0 0 0
2 4 0 0 0 0 0 0 0 0 0 0 0
3 5 0 0 0 0 0 0 0 1 1 0 1
4 5 0 0 0 0 0 0 0 1 1 0 1
5 6 0 0 0 0 0 0 0 2 2 0 1
6 7 0 0 0 0 0 0 0 3 3 0 1
7 8 0 30 0 0 0 0 0 4 18 2 1
8 9 0 0 0 0 0 0 0 5 5 0 1
9 10 0 0 0 0 0 0 0 6 6 0 1
10 12 0 11 0 0 0 0 0 7 7 0 1
11 20 0 0 0 0 0 0 0 8 11 1 1
12 13 0 14 0 0 0 0 0 8 8 0 1
13 15 0 0 0 0 0 0 0 9 9 0 1
14 16 0 17 0 0 0 0 0 9 9 0 1
15 18 0 0 0 0 0 0 0 10 10 0 1
16 19 0 0 0 0 0 0 0 10 10 0 1
17 23 0 0 0 0 0 0 0 10 12 1 1
18 20 0 0 0 0 0 0 0 11 11 0 1
19 21 0 0 0 0 0 0 0 11 11 0 1
20 22 0 0 0 0 0 0 0 12 12 0 1
21 23 0 0 0 0 0 0 0 12 12 0 1
22 24 0 0 0 0 0 0 0 13 13 0 1
23 25 0 0 0 0 0 0 0 13 13 0 1
24 26 0 0 0 0 0 0 0 14 14 0 1
25 26 0 0 0 0 0 0 0 14 14 0 1
26 27 0 0 0 0 0 0 0 15 15 0 1
27 28 0 0 0 0 0 0 0 16 16 0 1
28 29 0 0 0 0 0 0 0 17 17 0 1
29 30 0 0 0 0 0 0 0 18 18 0 1
30 31 0 0 0 0 0 0 0 19 19 0 1
31 0 0 0 0 0 0 0 0 20 20 0 1