1 7 0 0 0 0 0 0 0 0 0 0 0
2 7 0 0 0 0 0 0 0 0 0 0 0
3 8 0 0 0 0 0 0 0 0 0 0 0
4 8 0 0 0 0 0 0 0 0 0 0 0
5 9 0 0 0 0 0 0 0 0 0 0 0
6 9 0 0 0 0 0 0 0 0 0 0 0
7 19 0 10 0 12 0 0 0 1 3 2 1
8 18 0 10 0 13 0 0 0 1 3 2 1
9 11 0 14 0 24 0 0 0 1 3 2 1
10 15 0 0 0 0 0 0 0 2 2 0 1
11 15 0 0 0 0 0 0 0 2 2 0 1
12 16 0 0 0 0 0 0 0 2 2 0 1
13 16 0 0 0 0 0 0 0 2 2 0 1
14 17 0 0 0 0 0 0 0 2 2 0 1
15 18 0 19 0 20 0 0 0 3 3 0 1
16 21 0 22 0 24 0 0 0 3 3 0 1
17 19 0 23 0 24 0 25 0 3 3 0 1
18 26 0 0 0 0 0 0 0 4 4 0 1
19 26 0 0 0 0 0 0 0 4 4 0 1
20 27 0 0 0 0 0 0 0 4 4 0 1
21 27 0 0 0 0 0 0 0 4 4 0 1
22 28 0 0 0 0 0 0 0 4 5 1 1
23 28 0 0 0 0 0 0 0 4 5 1 1
24 29 0 0 0 0 0 0 0 4 4 0 1
25 29 0 0 0 0 0 0 0 4 5 1 1
26 30 0 0 0 0 0 0 0 5 5 0 1
27 31 0 0 0 0 0 0 0 5 5 0 1
28 32 0 0 0 0 0 0 0 5 6 1 1
29 32 0 0 0 0 0 0 0 5 6 1 1
30 33 0 0 0 0 0 0 0 6 6 0 1
31 33 0 0 0 0 0 0 0 6 6 0 1
32 34 0 0 0 0 0 0 0 6 7 1 1
33 34 0 0 0 0 0 0 0 7 7 0 1
34 0 0 0 0 0 0 0 0 8 8 0 1