1 3 0 0 0 0 0 0 0 0 0 0 0
2 4 0 0 0 0 0 0 0 0 0 0 0
3 5 0 6 0 0 0 0 0 1 1 0 1
4 6 0 29 0 0 0 0 0 1 8 2 1
5 7 0 9 0 0 0 0 0 2 2 0 1
6 8 0 9 0 0 0 0 0 2 2 0 1
7 13 0 10 0 11 0 0 0 3 4 2 1
8 11 0 12 0 0 0 0 0 3 3 0 1
9 12 0 0 0 0 0 0 0 3 3 0 1
10 13 0 14 0 0 0 0 0 4 4 0 1
11 15 0 0 0 0 0 0 0 4 4 0 1
12 14 0 0 0 0 0 0 0 4 4 0 1
13 16 0 0 0 0 0 0 0 5 5 0 1
14 17 0 0 0 0 0 0 0 5 5 0 1
15 18 0 19 0 0 0 0 0 5 5 0 1
16 20 0 0 0 0 0 0 0 6 6 0 1
17 21 0 22 0 0 0 0 0 6 6 0 1
18 20 0 23 0 0 0 0 0 6 6 0 1
19 21 0 22 0 23 0 0 0 6 6 0 1
20 24 0 25 0 0 0 0 0 7 7 0 1
21 24 0 0 0 0 0 0 0 7 9 1 1
22 25 0 0 0 0 0 0 0 7 7 0 1
23 26 0 0 0 0 0 0 0 7 7 0 1
24 35 0 0 0 0 0 0 0 8 10 1 1
25 27 0 0 0 0 0 0 0 8 8 0 1
26 28 0 29 0 0 0 0 0 8 8 0 1
27 31 0 0 0 0 0 0 0 9 9 0 1
28 30 0 33 0 0 0 0 0 9 9 0 1
29 31 0 32 0 0 0 0 0 9 9 0 1
30 37 0 34 0 0 0 0 0 10 11 2 1
31 35 0 0 0 0 0 0 0 10 10 0 1
32 35 0 0 0 0 0 0 0 10 10 0 1
33 36 0 0 0 0 0 0 0 10 10 0 1
34 37 0 0 0 0 0 0 0 11 11 0 1
35 38 0 0 0 0 0 0 0 11 11 0 1
36 38 0 0 0 0 0 0 0 11 11 0 1
37 39 0 0 0 0 0 0 0 12 12 0 1
38 39 0 0 0 0 0 0 0 12 12 0 1
39 0 0 0 0 0 0 0 0 13 13 0 1