1 13 0 0 0 0 0 0 0 0 0 0 0
2 13 0 0 0 0 0 0 0 0 0 0 0
3 15 0 0 0 0 0 0 0 0 0 0 0
4 15 0 0 0 0 0 0 0 0 0 0 0
5 17 0 0 0 0 0 0 0 0 0 0 0
6 17 0 0 0 0 0 0 0 0 0 0 0
7 19 0 0 0 0 0 0 0 0 0 0 0
8 19 0 0 0 0 0 0 0 0 0 0 0
9 21 0 0 0 0 0 0 0 0 0 0 0
10 21 0 0 0 0 0 0 0 0 0 0 0
11 23 0 0 0 0 0 0 0 0 0 0 0
12 23 0 0 0 0 0 0 0 0 0 0 0
13 25 0 0 0 0 0 0 0 1 1 0 1
14 25 0 0 0 0 0 0 0 1 1 0 0
15 27 0 0 0 0 0 0 0 1 1 0 1
16 27 0 0 0 0 0 0 0 1 1 0 0
17 29 0 0 0 0 0 0 0 1 1 0 1
18 29 0 0 0 0 0 0 0 1 1 0 0
19 31 0 0 0 0 0 0 0 1 1 0 1
20 31 0 0 0 0 0 0 0 1 1 0 0
21 33 0 0 0 0 0 0 0 1 1 0 1
22 33 0 0 0 0 0 0 0 1 1 0 0
23 35 0 0 0 0 0 0 0 1 1 0 1
24 35 0 0 0 0 0 0 0 1 1 0 0
25 37 0 0 0 0 0 0 0 2 2 0 1
26 37 0 0 0 0 0 0 0 2 2 0 0
27 40 0 0 0 0 0 0 0 2 2 0 1
28 40 0 0 0 0 0 0 0 2 2 0 0
29 41 0 0 0 0 0 0 0 2 2 0 1
30 41 0 0 0 0 0 0 0 2 2 0 0
31 44 0 0 0 0 0 0 0 2 2 0 1
32 44 0 0 0 0 0 0 0 2 2 0 0
33 45 0 0 0 0 0 0 0 2 2 0 1
34 45 0 0 0 0 0 0 0 2 2 0 0
35 48 0 0 0 0 0 0 0 2 2 0 1
36 48 0 0 0 0 0 0 0 2 2 0 0
37 49 0 0 0 0 0 0 0 3 3 0 1
38 50 0 0 0 0 0 0 0 3 3 0 0
39 50 0 0 0 0 0 0 0 3 3 0 0
40 52 0 0 0 0 0 0 0 3 3 0 1
41 53 0 0 0 0 0 0 0 3 3 0 1
42 54 0 0 0 0 0 0 0 3 3 0 0
43 54 0 0 0 0 0 0 0 3 3 0 0
44 56 0 0 0 0 0 0 0 3 3 0 1
45 57 0 0 0 0 0 0 0 3 3 0 1
46 58 0 0 0 0 0 0 0 3 3 0 0
47 58 0 0 0 0 0 0 0 3 3 0 0
48 60 0 0 0 0 0 0 0 3 3 0 1
49 61 0 69 0 0 0 0 0 4 4 0 1
50 62 0 0 0 0 0 0 0 4 4 0 1
51 62 0 0 0 0 0 0 0 4 4 0 0
52 64 0 72 0 0 0 0 0 4 4 0 1
53 65 0 72 0 0 0 0 0 4 4 0 1
54 66 0 0 0 0 0 0 0 4 4 0 1
55 66 0 0 0 0 0 0 0 4 4 0 0
56 68 0 69 0 0 0 0 0 4 4 0 1
57 64 0 68 0 0 0 0 0 4 4 0 1
58 70 0 0 0 0 0 0 0 4 4 0 1
59 70 0 0 0 0 0 0 0 4 4 0 0
60 61 0 65 0 0 0 0 0 4 4 0 1
61 73 0 0 0 0 0 0 0 5 5 0 1
62 74 0 0 0 0 0 0 0 5 5 0 1
63 74 0 0 0 0 0 0 0 5 5 0 0
64 75 0 0 0 0 0 0 0 5 5 0 1
65 76 0 0 0 0 0 0 0 5 5 0 1
66 77 0 0 0 0 0 0 0 5 5 0 1
67 77 0 0 0 0 0 0 0 5 5 0 0
68 78 0 0 0 0 0 0 0 5 5 0 1
69 79 0 0 0 0 0 0 0 5 5 0 1
70 80 0 0 0 0 0 0 0 5 5 0 1
71 80 0 0 0 0 0 0 0 5 5 0 0
72 81 0 0 0 0 0 0 0 5 5 0 1
73 82 0 0 0 0 0 0 0 6 6 0 1
74 83 0 0 0 0 0 0 0 6 6 0 1
75 82 0 0 0 0 0 0 0 6 6 0 1
76 84 0 0 0 0 0 0 0 6 6 0 1
77 85 0 0 0 0 0 0 0 6 6 0 1
78 84 0 0 0 0 0 0 0 6 6 0 1
79 86 0 0 0 0 0 0 0 6 6 0 1
80 87 0 0 0 0 0 0 0 6 6 0 1
81 86 0 0 0 0 0 0 0 6 6 0 1
82 89 0 0 0 0 0 0 0 7 7 0 1
83 88 0 0 0 0 0 0 0 7 7 0 1
84 88 0 0 0 0 0 0 0 7 7 0 1
85 89 0 0 0 0 0 0 0 7 7 0 1
86 90 0 0 0 0 0 0 0 7 7 0 1
87 90 0 0 0 0 0 0 0 7 7 0 1
88 91 0 0 0 0 0 0 0 8 8 0 1
89 91 0 0 0 0 0 0 0 8 8 0 1
90 92 0 0 0 0 0 0 0 8 8 0 1
91 93 0 0 0 0 0 0 0 9 9 0 1
92 93 0 0 0 0 0 0 0 9 9 0 1
93 94 0 0 0 0 0 0 0 10 10 0 1
94 0 0 0 0 0 0 0 0 11 11 0 1