1 4 0 0 0 0 0 0 0 0 0 0 0
2 5 0 0 0 0 0 0 0 0 0 0 0
3 6 0 0 0 0 0 0 0 0 0 0 0
4 7 0 0 0 0 0 0 0 1 1 0 1
5 8 0 0 0 0 0 0 0 1 1 0 1
6 9 0 0 0 0 0 0 0 1 1 0 1
7 10 0 11 0 0 0 0 0 2 2 0 1
8 11 0 12 0 0 0 0 0 2 2 0 1
9 12 0 13 0 0 0 0 0 2 2 0 1
10 14 0 0 0 0 0 0 0 3 3 0 1
11 15 0 0 0 0 0 0 0 3 3 0 1
12 15 0 0 0 0 0 0 0 3 3 0 1
13 16 0 0 0 0 0 0 0 3 3 0 1
14 17 0 0 0 0 0 0 0 4 4 0 1
15 18 0 48 0 0 0 0 0 4 14 2 1
16 19 0 0 0 0 0 0 0 4 4 0 1
17 20 0 0 0 0 0 0 0 5 5 0 1
18 21 0 0 0 0 0 0 0 5 5 0 1
19 22 0 0 0 0 0 0 0 5 5 0 1
20 23 0 0 0 0 0 0 0 6 6 0 1
21 24 0 0 0 0 0 0 0 6 6 0 1
22 25 0 0 0 0 0 0 0 6 6 0 1
23 26 0 0 0 0 0 0 0 7 7 0 1
24 27 0 0 0 0 0 0 0 7 7 0 1
25 28 0 0 0 0 0 0 0 7 7 0 1
26 29 0 0 0 0 0 0 0 8 8 0 1
27 30 0 0 0 0 0 0 0 8 8 0 1
28 31 0 0 0 0 0 0 0 8 8 0 1
29 32 0 0 0 0 0 0 0 9 9 0 1
30 33 0 0 0 0 0 0 0 9 9 0 1
31 34 0 0 0 0 0 0 0 9 9 0 1
32 35 0 0 0 0 0 0 0 10 10 0 1
33 36 0 0 0 0 0 0 0 10 10 0 1
34 37 0 0 0 0 0 0 0 10 10 0 1
35 38 0 0 0 0 0 0 0 11 11 0 1
36 39 0 0 0 0 0 0 0 11 11 0 1
37 40 0 0 0 0 0 0 0 11 11 0 1
38 41 0 0 0 0 0 0 0 12 12 0 1
39 42 0 0 0 0 0 0 0 12 12 0 1
40 43 0 0 0 0 0 0 0 12 12 0 1
41 44 0 0 0 0 0 0 0 13 13 0 1
42 45 0 0 0 0 0 0 0 13 13 0 1
43 46 0 0 0 0 0 0 0 13 13 0 1
44 47 0 0 0 0 0 0 0 14 14 0 1
45 48 0 0 0 0 0 0 0 14 14 0 1
46 49 0 0 0 0 0 0 0 14 14 0 1
47 50 0 0 0 0 0 0 0 15 15 0 1
48 51 0 52 0 0 0 0 0 15 15 0 1
49 53 0 0 0 0 0 0 0 15 15 0 1
50 54 0 0 0 0 0 0 0 16 16 0 1
51 54 0 55 0 0 0 0 0 16 16 0 1
52 55 0 56 0 0 0 0 0 16 16 0 1
53 56 0 0 0 0 0 0 0 16 16 0 1
54 57 0 0 0 0 0 0 0 17 17 0 1
55 58 0 0 0 0 0 0 0 17 17 0 1
56 59 0 0 0 0 0 0 0 17 17 0 1
57 60 0 0 0 0 0 0 0 18 18 0 1
58 61 0 0 0 0 0 0 0 18 18 0 1
59 62 0 0 0 0 0 0 0 18 18 0 1
60 0 0 0 0 0 0 0 0 19 19 0 1
61 0 0 0 0 0 0 0 0 19 19 0 1
62 0 0 0 0 0 0 0 0 19 19 0 1