1 2 0 3 0 0 0 0 0 0 0 0 0
2 6 0 0 0 0 0 0 0 1 3 1 1
3 4 0 0 0 0 0 0 0 1 1 0 1
4 5 0 0 0 0 0 0 0 2 2 0 1
5 6 0 0 0 0 0 0 0 3 3 0 1
6 7 0 8 0 0 0 0 0 4 4 0 1
7 9 0 0 0 0 0 0 0 5 14 1 1
8 10 0 11 0 0 0 0 0 5 5 0 1
9 24 0 0 0 0 0 0 0 6 15 1 1
10 12 0 0 0 0 0 0 0 6 6 0 1
11 13 0 0 0 0 0 0 0 6 7 1 1
12 13 0 0 0 0 0 0 0 7 7 0 1
13 14 0 0 0 0 0 0 0 8 8 0 1
14 15 0 0 0 0 0 0 0 9 9 0 1
15 16 0 17 0 0 0 0 0 10 10 0 1
16 18 0 0 0 0 0 0 0 11 11 0 1
17 19 0 0 0 0 0 0 0 11 12 1 1
18 20 0 0 0 0 0 0 0 12 12 0 1
19 21 0 0 0 0 0 0 0 12 13 1 1
20 21 0 0 0 0 0 0 0 13 13 0 1
21 22 0 23 0 0 0 0 0 14 14 0 1
22 24 0 0 0 0 0 0 0 15 15 0 1
23 29 0 0 0 0 0 0 0 15 19 1 1
24 25 0 0 0 0 0 0 0 16 16 0 1
25 26 0 27 0 0 0 0 0 17 17 0 1
26 28 0 0 0 0 0 0 0 18 18 0 1
27 31 0 0 0 0 0 0 0 18 21 1 1
28 29 0 0 0 0 0 0 0 19 19 0 1
29 30 0 0 0 0 0 0 0 20 20 0 1
30 31 0 0 0 0 0 0 0 21 21 0 1
31 0 0 0 0 0 0 0 0 22 22 0 1