1 4 0 0 0 0 0 0 0 0 0 0 0
2 5 0 0 0 0 0 0 0 0 0 0 0
3 6 0 0 0 0 0 0 0 0 0 0 0
4 10 0 0 0 0 0 0 0 1 1 0 1
5 11 0 0 0 0 0 0 0 1 1 0 1
6 12 0 0 0 0 0 0 0 1 1 0 1
7 10 0 0 0 0 0 0 0 1 1 0 0
8 12 0 0 0 0 0 0 0 1 1 0 0
9 11 0 0 0 0 0 0 0 1 1 0 0
10 35 0 13 0 14 0 0 0 2 16 2 1
11 15 0 16 0 36 0 0 0 2 16 2 1
12 17 0 18 0 37 0 0 0 2 16 2 1
13 19 0 0 0 0 0 0 0 3 12 1 1
14 20 0 0 0 0 0 0 0 3 3 0 1
15 19 0 0 0 0 0 0 0 3 12 1 1
16 20 0 0 0 0 0 0 0 3 3 0 1
17 21 0 0 0 0 0 0 0 3 3 0 1
18 23 0 0 0 0 0 0 0 3 13 1 1
19 23 0 0 0 0 0 0 0 4 13 1 1
20 22 0 0 0 0 0 0 0 4 4 0 1
21 22 0 0 0 0 0 0 0 4 4 0 1
22 29 0 24 0 0 0 0 0 5 10 2 1
23 33 0 0 0 0 0 0 0 5 14 1 1
24 25 0 0 0 0 0 0 0 6 6 0 1
25 26 0 0 0 0 0 0 0 7 7 0 1
26 27 0 0 0 0 0 0 0 8 8 0 1
27 28 0 0 0 0 0 0 0 9 9 0 1
28 29 0 0 0 0 0 0 0 10 10 0 1
29 30 0 0 0 0 0 0 0 11 11 0 1
30 31 0 0 0 0 0 0 0 12 12 0 1
31 32 0 0 0 0 0 0 0 13 13 0 1
32 33 0 0 0 0 0 0 0 14 14 0 1
33 34 0 0 0 0 0 0 0 15 15 0 1
34 35 0 36 0 37 0 0 0 16 16 0 1
35 38 0 0 0 0 0 0 0 17 17 0 1
36 39 0 0 0 0 0 0 0 17 17 0 1
37 40 0 0 0 0 0 0 0 17 17 0 1
38 41 0 0 0 0 0 0 0 18 18 0 1
39 42 0 0 0 0 0 0 0 18 18 0 1
40 43 0 0 0 0 0 0 0 18 18 0 1
41 0 0 0 0 0 0 0 0 19 19 0 1
42 0 0 0 0 0 0 0 0 19 19 0 1
43 0 0 0 0 0 0 0 0 19 19 0 1