1 17 0 0 0 0 0 0 0 0 0 0 0
2 17 0 0 0 0 0 0 0 0 0 0 0
3 19 0 0 0 0 0 0 0 0 0 0 0
4 19 0 0 0 0 0 0 0 0 0 0 0
5 21 0 0 0 0 0 0 0 0 0 0 0
6 21 0 0 0 0 0 0 0 0 0 0 0
7 23 0 0 0 0 0 0 0 0 0 0 0
8 23 0 0 0 0 0 0 0 0 0 0 0
9 25 0 0 0 0 0 0 0 0 0 0 0
10 25 0 0 0 0 0 0 0 0 0 0 0
11 27 0 0 0 0 0 0 0 0 0 0 0
12 27 0 0 0 0 0 0 0 0 0 0 0
13 29 0 0 0 0 0 0 0 0 0 0 0
14 29 0 0 0 0 0 0 0 0 0 0 0
15 31 0 0 0 0 0 0 0 0 0 0 0
16 31 0 0 0 0 0 0 0 0 0 0 0
17 33 0 0 0 0 0 0 0 1 1 0 1
18 33 0 0 0 0 0 0 0 1 1 0 0
19 35 0 0 0 0 0 0 0 1 1 0 1
20 35 0 0 0 0 0 0 0 1 1 0 0
21 37 0 0 0 0 0 0 0 1 1 0 1
22 37 0 0 0 0 0 0 0 1 1 0 0
23 39 0 0 0 0 0 0 0 1 1 0 1
24 39 0 0 0 0 0 0 0 1 1 0 0
25 41 0 0 0 0 0 0 0 1 1 0 1
26 41 0 0 0 0 0 0 0 1 1 0 0
27 43 0 0 0 0 0 0 0 1 1 0 1
28 43 0 0 0 0 0 0 0 1 1 0 0
29 45 0 0 0 0 0 0 0 1 1 0 1
30 45 0 0 0 0 0 0 0 1 1 0 0
31 47 0 0 0 0 0 0 0 1 1 0 1
32 47 0 0 0 0 0 0 0 1 1 0 0
33 49 0 0 0 0 0 0 0 2 2 0 1
34 49 0 0 0 0 0 0 0 2 2 0 0
35 50 0 0 0 0 0 0 0 2 2 0 1
36 50 0 0 0 0 0 0 0 2 2 0 0
37 51 0 0 0 0 0 0 0 2 2 0 1
38 51 0 0 0 0 0 0 0 2 2 0 0
39 52 0 0 0 0 0 0 0 2 2 0 1
40 52 0 0 0 0 0 0 0 2 2 0 0
41 53 0 0 0 0 0 0 0 2 2 0 1
42 53 0 0 0 0 0 0 0 2 2 0 0
43 54 0 0 0 0 0 0 0 2 2 0 1
44 54 0 0 0 0 0 0 0 2 2 0 0
45 55 0 0 0 0 0 0 0 2 2 0 1
46 55 0 0 0 0 0 0 0 2 2 0 0
47 56 0 0 0 0 0 0 0 2 2 0 1
48 56 0 0 0 0 0 0 0 2 2 0 0
49 57 0 58 0 0 0 0 0 3 3 0 1
50 59 0 60 0 0 0 0 0 3 3 0 1
51 61 0 62 0 0 0 0 0 3 3 0 1
52 59 0 61 0 63 0 64 0 3 3 0 1
53 57 0 62 0 65 0 66 0 3 3 0 1
54 58 0 60 0 67 0 68 0 3 3 0 1
55 66 0 68 0 0 0 0 0 3 3 0 1
56 64 0 67 0 0 0 0 0 3 3 0 1
57 69 0 0 0 0 0 0 0 4 4 0 1
58 70 0 0 0 0 0 0 0 4 4 0 1
59 69 0 0 0 0 0 0 0 4 4 0 1
60 71 0 0 0 0 0 0 0 4 4 0 1
61 70 0 0 0 0 0 0 0 4 4 0 1
62 71 0 0 0 0 0 0 0 4 4 0 1
63 72 0 0 0 0 0 0 0 4 4 0 1
64 73 0 0 0 0 0 0 0 4 4 0 1
65 74 0 0 0 0 0 0 0 4 4 0 1
66 73 0 0 0 0 0 0 0 4 4 0 1
67 74 0 0 0 0 0 0 0 4 4 0 1
68 72 0 0 0 0 0 0 0 4 4 0 1
69 75 0 76 0 0 0 0 0 5 5 0 1
70 75 0 84 0 86 0 0 0 5 5 0 1
71 80 0 82 0 76 0 0 0 5 5 0 1
72 77 0 78 0 0 0 0 0 5 5 0 1
73 77 0 92 0 94 0 0 0 5 5 0 1
74 88 0 90 0 78 0 0 0 5 5 0 1
75 80 0 82 0 0 0 0 0 6 6 0 1
76 84 0 86 0 0 0 0 0 6 6 0 1
77 88 0 90 0 0 0 0 0 6 6 0 1
78 92 0 94 0 0 0 0 0 6 6 0 1
79 95 0 0 0 0 0 0 0 7 7 0 0
80 95 0 0 0 0 0 0 0 7 7 0 1
81 96 0 0 0 0 0 0 0 7 7 0 0
82 96 0 0 0 0 0 0 0 7 7 0 1
83 97 0 0 0 0 0 0 0 7 8 1 0
84 97 0 0 0 0 0 0 0 7 8 1 1
85 98 0 0 0 0 0 0 0 7 9 1 0
86 98 0 0 0 0 0 0 0 7 9 1 1
87 99 0 0 0 0 0 0 0 7 7 0 0
88 99 0 0 0 0 0 0 0 7 7 0 1
89 100 0 0 0 0 0 0 0 7 7 0 0
90 100 0 0 0 0 0 0 0 7 7 0 1
91 101 0 0 0 0 0 0 0 7 8 1 0
92 101 0 0 0 0 0 0 0 7 8 1 1
93 102 0 0 0 0 0 0 0 7 9 1 0
94 102 0 0 0 0 0 0 0 7 9 1 1
95 103 0 0 0 0 0 0 0 8 8 0 1
96 103 0 0 0 0 0 0 0 8 8 0 1
97 105 0 0 0 0 0 0 0 8 9 1 1
98 107 0 0 0 0 0 0 0 8 10 1 1
99 104 0 0 0 0 0 0 0 8 8 0 1
100 104 0 0 0 0 0 0 0 8 8 0 1
101 106 0 0 0 0 0 0 0 8 9 1 1
102 108 0 0 0 0 0 0 0 8 10 1 1
103 105 0 0 0 0 0 0 0 9 9 0 1
104 106 0 0 0 0 0 0 0 9 9 0 1
105 107 0 0 0 0 0 0 0 10 10 0 1
106 108 0 0 0 0 0 0 0 10 10 0 1
107 109 0 0 0 0 0 0 0 11 11 0 1
108 109 0 0 0 0 0 0 0 11 11 0 1
109 110 0 0 0 0 0 0 0 12 12 0 1
110 0 0 0 0 0 0 0 0 13 13 0 1