1 7 0 0 0 0 0 0 0 0 0 0 0
2 7 0 0 0 0 0 0 0 0 0 0 0
3 8 0 0 0 0 0 0 0 0 0 0 0
4 8 0 0 0 0 0 0 0 0 0 0 0
5 9 0 0 0 0 0 0 0 0 1 1 0
6 9 0 0 0 0 0 0 0 0 1 1 0
7 10 0 0 0 0 0 0 0 1 1 0 1
8 11 0 0 0 0 0 0 0 1 1 0 1
9 12 0 0 0 0 0 0 0 1 2 1 1
10 13 0 0 0 0 0 0 0 2 2 0 1
11 13 0 0 0 0 0 0 0 2 2 0 1
12 20 0 0 0 0 0 0 0 2 3 1 1
13 20 0 0 0 0 0 0 0 3 3 0 1
14 27 0 0 0 0 0 0 0 4 4 0 0
15 27 0 0 0 0 0 0 0 4 4 0 0
16 28 0 0 0 0 0 0 0 4 4 0 0
17 28 0 0 0 0 0 0 0 4 4 0 0
18 29 0 0 0 0 0 0 0 4 5 1 0
19 29 0 0 0 0 0 0 0 4 5 1 0
20 30 0 0 0 0 0 0 0 4 4 0 1
21 31 0 0 0 0 0 0 0 4 4 0 0
22 31 0 0 0 0 0 0 0 4 4 0 0
23 32 0 0 0 0 0 0 0 4 4 0 0
24 32 0 0 0 0 0 0 0 4 4 0 0
25 33 0 0 0 0 0 0 0 4 5 1 0
26 33 0 0 0 0 0 0 0 4 5 1 0
27 34 0 0 0 0 0 0 0 5 5 0 1
28 35 0 0 0 0 0 0 0 5 5 0 1
29 36 0 0 0 0 0 0 0 5 6 1 1
30 34 0 35 0 38 0 39 0 5 5 0 1
31 37 0 0 0 0 0 0 0 5 5 0 1
32 38 0 0 0 0 0 0 0 5 5 0 1
33 39 0 0 0 0 0 0 0 5 6 1 1
34 40 0 0 0 0 0 0 0 6 6 0 1
35 41 0 0 0 0 0 0 0 6 6 0 1
36 42 0 0 0 0 0 0 0 6 7 1 1
37 43 0 0 0 0 0 0 0 6 6 0 1
38 44 0 0 0 0 0 0 0 6 6 0 1
39 45 0 0 0 0 0 0 0 6 7 1 1
40 46 0 0 0 0 0 0 0 7 7 0 1
41 47 0 0 0 0 0 0 0 7 7 0 1
42 48 0 0 0 0 0 0 0 7 8 1 1
43 46 0 0 0 0 0 0 0 7 7 0 1
44 47 0 0 0 0 0 0 0 7 7 0 1
45 48 0 0 0 0 0 0 0 7 8 1 1
46 49 0 0 0 0 0 0 0 8 8 0 1
47 50 0 0 0 0 0 0 0 8 8 0 1
48 51 0 0 0 0 0 0 0 8 9 1 1
49 52 0 0 0 0 0 0 0 9 9 0 1
50 53 0 0 0 0 0 0 0 9 9 0 1
51 54 0 0 0 0 0 0 0 9 10 1 1
52 55 0 0 0 0 0 0 0 10 10 0 1
53 55 0 0 0 0 0 0 0 10 10 0 1
54 58 0 0 0 0 0 0 0 10 11 1 1
55 58 0 0 0 0 0 0 0 11 11 0 1
56 60 0 0 0 0 0 0 0 12 12 0 0
57 60 0 0 0 0 0 0 0 12 12 0 0
58 62 0 0 0 0 0 0 0 12 12 0 1
59 62 0 0 0 0 0 0 0 12 12 0 0
60 65 0 0 0 0 0 0 0 13 13 0 1
61 65 0 0 0 0 0 0 0 13 13 0 0
62 66 0 0 0 0 0 0 0 13 13 0 1
63 67 0 0 0 0 0 0 0 13 13 0 0
64 68 0 0 0 0 0 0 0 13 13 0 0
65 69 0 0 0 0 0 0 0 14 14 0 1
66 70 0 0 0 0 0 0 0 14 14 0 1
67 71 0 0 0 0 0 0 0 14 14 0 1
68 72 0 0 0 0 0 0 0 14 14 0 1
69 73 0 0 0 0 0 0 0 15 15 0 1
70 73 0 0 0 0 0 0 0 15 15 0 1
71 74 0 0 0 0 0 0 0 15 15 0 1
72 74 0 0 0 0 0 0 0 15 15 0 1
73 75 0 0 0 0 0 0 0 16 16 0 1
74 75 0 0 0 0 0 0 0 16 16 0 1
75 0 0 0 0 0 0 0 0 17 17 0 1