1 31 0 32 0 0 0 0 0 0 0 0 0
2 17 0 0 0 0 0 0 0 0 0 0 0
3 17 0 0 0 0 0 0 0 0 0 0 0
4 31 0 33 0 0 0 0 0 0 0 0 0
5 30 0 34 0 0 0 0 0 0 0 0 0
6 32 0 34 0 0 0 0 0 0 0 0 0
7 29 0 33 0 0 0 0 0 0 0 0 0
8 22 0 0 0 0 0 0 0 0 0 0 0
9 22 0 0 0 0 0 0 0 0 0 0 0
10 36 0 38 0 0 0 0 0 0 0 0 0
11 37 0 35 0 0 0 0 0 0 0 0 0
12 26 0 0 0 0 0 0 0 0 0 0 0
13 26 0 0 0 0 0 0 0 0 0 0 0
14 45 0 0 0 0 0 0 0 1 1 0 0
15 45 0 0 0 0 0 0 0 1 1 0 0
16 29 0 30 0 0 0 0 0 1 1 0 0
17 61 0 0 0 0 0 0 0 1 1 0 1
18 50 0 0 0 0 0 0 0 1 1 0 0
19 50 0 0 0 0 0 0 0 1 1 0 0
20 35 0 0 0 0 0 0 0 1 1 0 0
21 36 0 0 0 0 0 0 0 1 1 0 0
22 65 0 0 0 0 0 0 0 1 1 0 1
23 38 0 0 0 0 0 0 0 1 1 0 0
24 39 0 40 0 0 0 0 0 1 1 0 0
25 41 0 42 0 0 0 0 0 1 1 0 0
26 69 0 0 0 0 0 0 0 1 1 0 1
27 41 0 43 0 0 0 0 0 1 1 0 0
28 39 0 44 0 0 0 0 0 1 1 0 0
29 46 0 0 0 0 0 0 0 2 2 0 1
30 62 0 0 0 0 0 0 0 2 2 0 1
31 62 0 0 0 0 0 0 0 2 2 0 1
32 46 0 0 0 0 0 0 0 2 2 0 1
33 47 0 0 0 0 0 0 0 2 2 0 1
34 47 0 0 0 0 0 0 0 2 2 0 1
35 51 0 0 0 0 0 0 0 2 2 0 1
36 51 0 0 0 0 0 0 0 2 2 0 1
37 52 0 0 0 0 0 0 0 2 2 0 1
38 52 0 0 0 0 0 0 0 2 2 0 1
39 68 0 0 0 0 0 0 0 2 2 0 1
40 56 0 0 0 0 0 0 0 2 2 0 1
41 68 0 0 0 0 0 0 0 2 2 0 1
42 56 0 0 0 0 0 0 0 2 2 0 1
43 57 0 0 0 0 0 0 0 2 2 0 1
44 57 0 0 0 0 0 0 0 2 2 0 1
45 60 0 0 0 0 0 0 0 3 3 0 1
46 61 0 0 0 0 0 0 0 3 3 0 1
47 60 0 0 0 0 0 0 0 3 3 0 1
48 63 0 0 0 0 0 0 0 3 3 0 0
49 63 0 0 0 0 0 0 0 3 3 0 0
50 64 0 0 0 0 0 0 0 3 3 0 1
51 65 0 0 0 0 0 0 0 3 3 0 1
52 64 0 74 0 0 0 0 0 3 3 0 1
53 66 0 0 0 0 0 0 0 3 3 0 0
54 66 0 0 0 0 0 0 0 3 3 0 0
55 67 0 0 0 0 0 0 0 3 3 0 0
56 69 0 0 0 0 0 0 0 3 3 0 1
57 67 0 0 0 0 0 0 0 3 3 0 1
58 70 0 0 0 0 0 0 0 3 3 0 0
59 70 0 0 0 0 0 0 0 3 3 0 0
60 71 0 0 0 0 0 0 0 4 4 0 1
61 71 0 0 0 0 0 0 0 4 4 0 1
62 72 0 0 0 0 0 0 0 4 4 0 1
63 72 0 0 0 0 0 0 0 4 4 0 1
64 73 0 0 0 0 0 0 0 4 4 0 1
65 73 0 0 0 0 0 0 0 4 4 0 1
66 74 0 0 0 0 0 0 0 4 4 0 1
67 75 0 0 0 0 0 0 0 4 4 0 1
68 76 0 0 0 0 0 0 0 4 4 0 1
69 75 0 0 0 0 0 0 0 4 4 0 1
70 76 0 0 0 0 0 0 0 4 4 0 1
71 77 0 0 0 0 0 0 0 5 5 0 1
72 77 0 0 0 0 0 0 0 5 5 0 1
73 78 0 0 0 0 0 0 0 5 5 0 1
74 78 0 0 0 0 0 0 0 5 5 0 1
75 79 0 0 0 0 0 0 0 5 5 0 1
76 79 0 0 0 0 0 0 0 5 5 0 1
77 80 0 0 0 0 0 0 0 6 6 0 1
78 81 0 0 0 0 0 0 0 6 6 0 1
79 81 0 0 0 0 0 0 0 6 6 0 1
80 82 0 0 0 0 0 0 0 7 7 0 1
81 82 0 0 0 0 0 0 0 7 7 0 1
82 0 0 0 0 0 0 0 0 8 8 0 1